RUNNING THE L-BFGS-B CODE

it    = iteration number
nf    = number of function evaluations
nseg  = number of segments explored during the Cauchy search
nact  = number of active bounds at the generalized Cauchy point
sub   = manner in which the subspace minimization terminated:
        con = converged, bnd = a bound was reached
itls  = number of iterations performed in the line search
stepl = step length used
tstep = norm of the displacement (total step)
projg = norm of the projected gradient
f     = function value

           * * *

Machine precision = 2.220D-16
 N =        38416     M =           10

   it   nf  nseg  nact  sub  itls  stepl    tstep     projg        f
    0    1     -     -   -     -     -        -     3.382D-01  4.430D+01
    1    3     1     0  ---    1  4.4D-02  4.2D-01  3.111D-01  4.259D+01
    2    6     0     0  con    2  2.3D+00  6.8D-01  8.163D-01  3.668D+01
    3    9     0     0  con    2  2.2D-02  1.5D-01  1.199D+00  3.590D+01
    4   10     0     0  con    0  1.0D+00  2.0D-01  1.257D+00  3.277D+01
    5   11     0     0  con    0  1.0D+00  6.5D-01  1.543D+00  2.947D+01
    6   12     0     0  con    0  1.0D+00  3.2D-01  3.592D-01  2.470D+01
    7   13     0     0  con    0  1.0D+00  1.6D-01  1.094D-01  2.371D+01
    8   14     0     0  con    0  1.0D+00  1.1D-01  1.189D-01  2.353D+01
    9   15     0     0  con    0  1.0D+00  4.6D-02  1.239D-01  2.342D+01
   10   16     0     0  con    0  1.0D+00  6.5D-01  3.290D-01  2.224D+01
   11   18     0     0  con    1  3.9D-01  4.9D-01  4.801D-01  2.166D+01
   12   19     0     0  con    0  1.0D+00  4.8D-01  5.084D-01  2.064D+01
   13   20     0     0  con    0  1.0D+00  7.9D-01  4.848D-01  1.850D+01
   14   21     0     0  con    0  1.0D+00  3.8D-01  2.959D-01  1.719D+01
   15   22     0     0  con    0  1.0D+00  3.1D-01  2.025D-01  1.640D+01
   16   23     0     0  con    0  1.0D+00  9.5D-02  1.651D-01  1.607D+01
   17   24     0     0  con    0  1.0D+00  3.8D-01  1.888D-01  1.539D+01
   18   25     0     0  con    0  1.0D+00  6.8D-01  3.470D-01  1.489D+01
   19   26     0     0  con    0  1.0D+00  2.1D-01  1.461D-01  1.443D+01
   20   27     0     0  con    0  1.0D+00  1.3D-01  1.385D-01  1.418D+01
   21   28     0     0  con    0  1.0D+00  4.0D-01  1.974D-01  1.357D+01
   22   29     0     0  con    0  1.0D+00  4.5D-01  1.920D-01  1.314D+01
   23   30     0     0  con    0  1.0D+00  2.6D-01  1.364D-01  1.281D+01
   24   31     0     0  con    0  1.0D+00  2.3D-01  1.189D-01  1.250D+01
   25   32     0     0  con    0  1.0D+00  2.7D-01  1.304D-01  1.224D+01
   26   33     0     0  con    0  1.0D+00  3.9D-01  1.455D-01  1.195D+01
   27   34     0     0  con    0  1.0D+00  1.9D-01  1.294D-01  1.164D+01
   28   35     0     0  con    0  1.0D+00  4.2D-01  1.319D-01  1.123D+01
   29   36     0     0  con    0  1.0D+00  3.6D-01  1.808D-01  1.099D+01
   30   37     0     0  con    0  1.0D+00  1.8D-01  9.381D-02  1.077D+01
   31   38     0     0  con    0  1.0D+00  2.5D-01  9.594D-02  1.056D+01
   32   39     0     0  con    0  1.0D+00  1.7D-01  1.310D-01  1.039D+01
   33   40     0     0  con    0  1.0D+00  2.5D-01  1.059D-01  1.015D+01
   34   41     0     0  con    0  1.0D+00  6.1D-01  1.442D-01  9.879D+00
   35   42     0     0  con    0  1.0D+00  3.7D-01  1.377D-01  9.690D+00
   36   43     0     0  con    0  1.0D+00  1.7D-01  7.656D-02  9.527D+00
   37   44     0     0  con    0  1.0D+00  1.6D-01  5.879D-02  9.344D+00
   38   45     0     0  con    0  1.0D+00  3.5D-01  7.673D-02  9.133D+00
   39   46     0     0  con    0  1.0D+00  5.0D-01  2.121D-01  9.089D+00
   40   47     0     0  con    0  1.0D+00  9.1D-02  9.583D-02  8.856D+00
   41   48     0     0  con    0  1.0D+00  9.7D-02  5.822D-02  8.722D+00
   42   49     0     0  con    0  1.0D+00  3.0D-01  9.348D-02  8.551D+00
   43   50     0     0  con    0  1.0D+00  3.8D-01  2.305D-01  8.497D+00
   44   51     0     0  con    0  1.0D+00  8.9D-02  1.145D-01  8.328D+00
   45   52     0     0  con    0  1.0D+00  8.3D-02  6.903D-02  8.254D+00
   46   53     0     0  con    0  1.0D+00  1.9D-01  6.479D-02  8.156D+00
   47   54     0     0  con    0  1.0D+00  2.1D-01  6.860D-02  8.043D+00
   48   55     0     0  con    0  1.0D+00  4.8D-01  1.726D-01  7.928D+00
   49   56     0     0  con    0  1.0D+00  2.3D-01  7.331D-02  7.771D+00
   50   57     0     0  con    0  1.0D+00  8.8D-02  4.746D-02  7.684D+00
   51   58     0     0  con    0  1.0D+00  2.7D-01  8.313D-02  7.561D+00
   52   59     0     0  con    0  1.0D+00  3.7D-01  1.572D-01  7.498D+00
   53   60     0     0  con    0  1.0D+00  5.5D-02  6.930D-02  7.395D+00
   54   61     0     0  con    0  1.0D+00  2.2D-01  5.365D-02  7.278D+00
   55   62     0     0  con    0  1.0D+00  2.1D-01  6.055D-02  7.206D+00
   56   63     0     0  con    0  1.0D+00  4.9D-01  1.987D-01  7.178D+00
   57   64     0     0  con    0  1.0D+00  6.5D-02  6.560D-02  7.034D+00
   58   65     0     0  con    0  1.0D+00  5.4D-02  5.086D-02  6.985D+00
   59   66     0     0  con    0  1.0D+00  1.6D-01  7.798D-02  6.918D+00
   60   67     0     0  con    0  1.0D+00  2.6D-01  9.088D-02  6.811D+00
   61   69     0     0  con    1  4.3D-01  3.3D-01  1.034D-01  6.734D+00
   62   70     0     0  con    0  1.0D+00  2.6D-01  4.476D-02  6.632D+00
   63   71     0     0  con    0  1.0D+00  1.3D-01  4.264D-02  6.568D+00
   64   72     0     0  con    0  1.0D+00  2.1D-01  7.337D-02  6.494D+00
   65   73     0     0  con    0  1.0D+00  2.9D-01  1.014D-01  6.420D+00
   66   74     0     0  con    0  1.0D+00  1.2D-01  7.076D-02  6.354D+00
   67   75     0     0  con    0  1.0D+00  1.8D-01  5.555D-02  6.288D+00
   68   76     0     0  con    0  1.0D+00  1.9D-01  6.514D-02  6.234D+00
   69   77     0     0  con    0  1.0D+00  2.3D-01  6.040D-02  6.168D+00
   70   78     0     0  con    0  1.0D+00  3.1D-01  6.395D-02  6.104D+00
   71   79     0     0  con    0  1.0D+00  9.7D-02  4.323D-02  6.052D+00
   72   80     0     0  con    0  1.0D+00  6.7D-02  4.176D-02  6.015D+00
   73   81     0     0  con    0  1.0D+00  2.0D-01  6.806D-02  5.950D+00
   74   82     0     0  con    0  1.0D+00  3.4D-01  5.064D-02  5.886D+00
   75   83     0     0  con    0  1.0D+00  9.8D-02  3.228D-02  5.841D+00
   76   84     0     0  con    0  1.0D+00  2.1D-01  4.154D-02  5.785D+00
   77   85     0     0  con    0  1.0D+00  2.0D-01  7.161D-02  5.752D+00
   78   86     0     0  con    0  1.0D+00  1.2D-01  4.665D-02  5.712D+00
   79   87     0     0  con    0  1.0D+00  1.9D-01  3.296D-02  5.666D+00
   80   88     0     0  con    0  1.0D+00  1.4D-01  5.660D-02  5.639D+00
   81   89     0     0  con    0  1.0D+00  1.6D-01  4.532D-02  5.605D+00
   82   90     0     0  con    0  1.0D+00  2.6D-01  8.778D-02  5.573D+00
   83   91     0     0  con    0  1.0D+00  6.4D-02  3.769D-02  5.543D+00
   84   92     0     0  con    0  1.0D+00  2.9D-02  3.734D-02  5.528D+00
   85   93     0     0  con    0  1.0D+00  1.8D-01  4.165D-02  5.470D+00
   86   94     0     0  con    0  1.0D+00  3.2D-01  9.385D-02  5.432D+00
   87   95     0     0  con    0  1.0D+00  2.0D-01  3.714D-02  5.380D+00
   88   96     0     0  con    0  1.0D+00  1.4D-01  2.511D-02  5.347D+00
   89   97     0     0  con    0  1.0D+00  1.6D-01  3.401D-02  5.315D+00
   90   98     0     0  con    0  1.0D+00  2.7D-01  8.316D-02  5.289D+00
   91   99     0     0  con    0  1.0D+00  1.1D-01  3.002D-02  5.248D+00
   92  100     0     0  con    0  1.0D+00  7.8D-02  2.333D-02  5.224D+00
   93  101     0     0  con    0  1.0D+00  1.1D-01  4.105D-02  5.202D+00
   94  102     0     0  con    0  1.0D+00  1.7D-01  6.073D-02  5.183D+00
   95  103     0     0  con    0  1.0D+00  9.4D-02  3.299D-02  5.160D+00
   96  104     0     0  con    0  1.0D+00  1.2D-01  2.864D-02  5.134D+00
   97  105     0     0  con    0  1.0D+00  1.1D-01  2.658D-02  5.112D+00
   98  106     0     0  con    0  1.0D+00  2.7D-01  5.347D-02  5.078D+00
   99  107     0     0  con    0  1.0D+00  2.3D-01  3.873D-02  5.049D+00
  100  108     0     0  con    0  1.0D+00  4.4D-02  2.492D-02  5.031D+00
  101  109     0     0  con    0  1.0D+00  8.9D-02  2.093D-02  5.008D+00
  102  110     0     0  con    0  1.0D+00  1.4D-01  5.162D-02  4.994D+00
  103  111     0     0  con    0  1.0D+00  9.0D-02  2.972D-02  4.976D+00
  104  112     0     0  con    0  1.0D+00  1.8D-01  2.596D-02  4.952D+00
  105  113     0     0  con    0  1.0D+00  1.1D-01  2.707D-02  4.937D+00
  106  114     0     0  con    0  1.0D+00  2.4D-01  7.512D-02  4.933D+00
  107  115     0     0  con    0  1.0D+00  4.0D-02  2.638D-02  4.910D+00
  108  116     0     0  con    0  1.0D+00  3.4D-02  1.839D-02  4.904D+00
  109  117     0     0  con    0  1.0D+00  7.1D-02  2.141D-02  4.891D+00
  110  118     0     0  con    0  1.0D+00  2.3D-01  8.697D-02  4.885D+00
  111  119     0     0  con    0  1.0D+00  1.9D-02  2.886D-02  4.865D+00
  112  120     0     0  con    0  1.0D+00  5.3D-02  1.194D-02  4.858D+00
  113  121     0     0  con    0  1.0D+00  7.7D-02  2.298D-02  4.851D+00
  114  122     0     0  con    0  1.0D+00  1.2D-01  2.828D-02  4.838D+00
  115  123     0     0  con    0  1.0D+00  2.1D-01  3.745D-02  4.819D+00
  116  124     0     0  con    0  1.0D+00  2.3D-01  4.081D-02  4.810D+00
  117  125     0     0  con    0  1.0D+00  8.4D-02  1.267D-02  4.798D+00
  118  126     0     0  con    0  1.0D+00  3.3D-02  1.618D-02  4.792D+00
  119  127     0     0  con    0  1.0D+00  5.9D-02  2.474D-02  4.785D+00
  120  128     0     0  con    0  1.0D+00  1.3D-01  3.985D-02  4.779D+00
  121  129     0     0  con    0  1.0D+00  5.6D-02  1.653D-02  4.771D+00
  122  130     0     0  con    0  1.0D+00  7.6D-02  1.437D-02  4.765D+00
  123  131     0     0  con    0  1.0D+00  5.6D-02  1.590D-02  4.761D+00
  124  132     0     0  con    0  1.0D+00  1.3D-01  2.894D-02  4.752D+00
  125  133     0     0  con    0  1.0D+00  1.6D-01  2.764D-02  4.746D+00
  126  134     0     0  con    0  1.0D+00  6.1D-02  1.222D-02  4.740D+00
  127  135     0     0  con    0  1.0D+00  3.3D-02  1.008D-02  4.736D+00
  128  136     0     0  con    0  1.0D+00  5.5D-02  1.497D-02  4.731D+00
  129  137     0     0  con    0  1.0D+00  1.2D-01  3.085D-02  4.726D+00
  130  138     0     0  con    0  1.0D+00  5.6D-02  1.292D-02  4.720D+00
  131  139     0     0  con    0  1.0D+00  6.5D-02  1.010D-02  4.716D+00
  132  140     0     0  con    0  1.0D+00  5.4D-02  1.326D-02  4.713D+00
  133  141     0     0  con    0  1.0D+00  1.1D-01  2.289D-02  4.706D+00
  134  142     0     0  con    0  1.0D+00  1.4D-01  3.257D-02  4.704D+00
  135  143     0     0  con    0  1.0D+00  4.7D-02  1.041D-02  4.700D+00
  136  144     0     0  con    0  1.0D+00  2.7D-02  8.377D-03  4.699D+00
  137  145     0     0  con    0  1.0D+00  3.0D-02  1.036D-02  4.697D+00
  138  146     0     0  con    0  1.0D+00  7.7D-02  1.881D-02  4.692D+00
  139  147     0     0  con    0  1.0D+00  8.5D-02  1.103D-02  4.688D+00
  140  148     0     0  con    0  1.0D+00  8.1D-02  1.011D-02  4.686D+00
  141  149     0     0  con    0  1.0D+00  4.4D-02  9.205D-03  4.684D+00
  142  150     0     0  con    0  1.0D+00  5.7D-02  1.164D-02  4.680D+00
  143  151     0     0  con    0  1.0D+00  1.0D-01  3.247D-02  4.680D+00
  144  152     0     0  con    0  1.0D+00  2.5D-02  6.362D-03  4.676D+00
  145  153     0     0  con    0  1.0D+00  1.5D-02  5.221D-03  4.675D+00
  146  154     0     0  con    0  1.0D+00  3.1D-02  9.350D-03  4.674D+00
  147  155     0     0  con    0  1.0D+00  5.8D-02  2.067D-02  4.672D+00
  148  156     0     0  con    0  1.0D+00  5.0D-02  1.003D-02  4.670D+00
  149  157     0     0  con    0  1.0D+00  2.3D-02  6.831D-03  4.669D+00
  150  158     0     0  con    0  1.0D+00  3.5D-02  8.631D-03  4.668D+00
  151  159     0     0  con    0  1.0D+00  4.3D-02  1.421D-02  4.667D+00
  152  160     0     0  con    0  1.0D+00  1.3D-02  8.663D-03  4.665D+00
  153  161     0     0  con    0  1.0D+00  3.8D-02  5.329D-03  4.664D+00
  154  162     0     0  con    0  1.0D+00  2.4D-02  6.842D-03  4.663D+00
  155  163     0     0  con    0  1.0D+00  8.9D-02  1.607D-02  4.661D+00
  156  164     0     0  con    0  1.0D+00  8.3D-02  1.382D-02  4.660D+00
  157  165     0     0  con    0  1.0D+00  1.8D-02  4.861D-03  4.658D+00
  158  166     0     0  con    0  1.0D+00  1.2D-02  5.207D-03  4.657D+00
  159  167     0     0  con    0  1.0D+00  3.7D-02  6.966D-03  4.656D+00
  160  168     0     0  con    0  1.0D+00  7.6D-02  1.669D-02  4.655D+00
  161  169     0     0  con    0  1.0D+00  3.5D-02  6.761D-03  4.654D+00
  162  170     0     0  con    0  1.0D+00  2.2D-02  4.754D-03  4.653D+00
  163  171     0     0  con    0  1.0D+00  3.8D-02  1.179D-02  4.652D+00
  164  172     0     0  con    0  1.0D+00  3.1D-02  7.877D-03  4.651D+00
  165  173     0     0  con    0  1.0D+00  2.0D-02  7.359D-03  4.651D+00
  166  174     0     0  con    0  1.0D+00  4.0D-02  6.826D-03  4.649D+00
  167  175     0     0  con    0  1.0D+00  5.0D-02  9.519D-03  4.648D+00
  168  176     0     0  con    0  1.0D+00  3.1D-02  6.244D-03  4.647D+00
  169  177     0     0  con    0  1.0D+00  1.5D-02  7.092D-03  4.647D+00
  170  178     0     0  con    0  1.0D+00  3.5D-02  6.412D-03  4.645D+00
  171  179     0     0  con    0  1.0D+00  5.6D-02  1.429D-02  4.645D+00
  172  180     0     0  con    0  1.0D+00  1.8D-02  5.246D-03  4.644D+00
  173  181     0     0  con    0  1.0D+00  2.5D-02  4.881D-03  4.643D+00
  174  182     0     0  con    0  1.0D+00  2.5D-02  5.742D-03  4.642D+00
  175  183     0     0  con    0  1.0D+00  6.2D-02  1.462D-02  4.641D+00
  176  184     0     0  con    0  1.0D+00  5.5D-02  7.972D-03  4.640D+00
  177  185     0     0  con    0  1.0D+00  8.5D-03  4.171D-03  4.639D+00
  178  186     0     0  con    0  1.0D+00  2.1D-02  7.728D-03  4.639D+00
  179  187     0     0  con    0  1.0D+00  2.8D-02  1.045D-02  4.638D+00
  180  188     0     0  con    0  1.0D+00  1.5D-02  7.069D-03  4.638D+00
  181  189     0     0  con    0  1.0D+00  5.2D-02  4.034D-03  4.637D+00
  182  190     0     0  con    0  1.0D+00  1.4D-02  4.161D-03  4.637D+00
  183  191     0     0  con    0  1.0D+00  9.4D-02  1.648D-02  4.636D+00
  184  192     0     0  con    0  1.0D+00  3.2D-02  7.179D-03  4.635D+00
  185  193     0     0  con    0  1.0D+00  2.0D-02  3.256D-03  4.635D+00
  186  194     0     0  con    0  1.0D+00  7.7D-03  3.115D-03  4.634D+00
  187  195     0     0  con    0  1.0D+00  1.7D-02  4.676D-03  4.634D+00
  188  196     0     0  con    0  1.0D+00  3.3D-02  6.242D-03  4.633D+00
  189  197     0     0  con    0  1.0D+00  6.5D-02  7.057D-03  4.633D+00
  190  198     0     0  con    0  1.0D+00  5.9D-03  2.763D-03  4.632D+00
  191  199     0     0  con    0  1.0D+00  1.2D-02  3.157D-03  4.632D+00
  192  200     0     0  con    0  1.0D+00  1.3D-02  5.787D-03  4.632D+00
  193  201     0     0  con    0  1.0D+00  3.1D-02  5.915D-03  4.632D+00
  194  202     0     0  con    0  1.0D+00  2.6D-02  3.446D-03  4.631D+00
  195  203     0     0  con    0  1.0D+00  3.6D-02  7.972D-03  4.631D+00
  196  204     0     0  con    0  1.0D+00  5.5D-03  3.031D-03  4.630D+00
  197  205     0     0  con    0  1.0D+00  7.0D-03  2.998D-03  4.630D+00
  198  206     0     0  con    0  1.0D+00  1.4D-02  3.817D-03  4.630D+00
  199  207     0     0  con    0  1.0D+00  2.9D-02  5.806D-03  4.630D+00
  200  208     0     0  con    0  1.0D+00  5.3D-02  8.405D-03  4.629D+00
  201  209     0     0  con    0  1.0D+00  3.9D-03  2.776D-03  4.629D+00
  202  210     0     0  con    0  1.0D+00  5.9D-03  3.039D-03  4.629D+00
  203  211     0     0  con    0  1.0D+00  1.4D-02  4.425D-03  4.628D+00
  204  213     0     0  con    1  4.7D-01  2.1D-02  4.965D-03  4.628D+00
  205  214     0     0  con    0  1.0D+00  2.1D-02  2.700D-03  4.628D+00
  206  215     0     0  con    0  1.0D+00  1.3D-02  2.146D-03  4.628D+00
  207  216     0     0  con    0  1.0D+00  2.2D-02  4.007D-03  4.628D+00
  208  217     0     0  con    0  1.0D+00  1.8D-02  4.638D-03  4.627D+00
  209  218     0     0  con    0  1.0D+00  8.4D-03  2.803D-03  4.627D+00
  210  219     0     0  con    0  1.0D+00  1.9D-02  3.237D-03  4.627D+00
  211  220     0     0  con    0  1.0D+00  1.5D-02  4.059D-03  4.627D+00
  212  221     0     0  con    0  1.0D+00  1.0D-02  3.505D-03  4.627D+00
  213  222     0     0  con    0  1.0D+00  3.8D-02  4.581D-03  4.626D+00
  214  223     0     0  con    0  1.0D+00  2.2D-02  5.765D-03  4.626D+00
  215  224     0     0  con    0  1.0D+00  8.4D-03  2.097D-03  4.626D+00
  216  225     0     0  con    0  1.0D+00  2.7D-03  1.736D-03  4.626D+00
  217  226     0     0  con    0  1.0D+00  1.0D-02  2.900D-03  4.626D+00
  218  227     0     0  con    0  1.0D+00  1.6D-02  6.805D-03  4.626D+00
  219  228     0     0  con    0  1.0D+00  4.5D-03  2.880D-03  4.626D+00
  220  229     0     0  con    0  1.0D+00  8.5D-03  1.928D-03  4.626D+00
  221  230     0     0  con    0  1.0D+00  1.1D-02  2.573D-03  4.625D+00
  222  231     0     0  con    0  1.0D+00  1.5D-02  2.486D-03  4.625D+00
  223  232     0     0  con    0  1.0D+00  3.5D-02  5.239D-03  4.625D+00
  224  233     0     0  con    0  1.0D+00  2.8D-03  2.038D-03  4.625D+00
  225  234     0     0  con    0  1.0D+00  3.7D-03  1.968D-03  4.625D+00
  226  235     0     0  con    0  1.0D+00  1.3D-02  2.320D-03  4.625D+00
  227  236     0     0  con    0  1.0D+00  3.0D-02  4.961D-03  4.625D+00
  228  237     0     0  con    0  1.0D+00  4.8D-02  6.566D-03  4.625D+00
  229  238     0     0  con    0  1.0D+00  9.2D-03  1.691D-03  4.624D+00
  230  239     0     0  con    0  1.0D+00  1.9D-03  1.588D-03  4.624D+00
  231  240     0     0  con    0  1.0D+00  1.3D-02  3.468D-03  4.624D+00
  232  241     0     0  con    0  1.0D+00  1.3D-02  2.473D-03  4.624D+00
  233  242     0     0  con    0  1.0D+00  1.4D-02  1.718D-03  4.624D+00
  234  243     0     0  con    0  1.0D+00  2.0D-02  1.669D-03  4.624D+00
  235  244     0     0  con    0  1.0D+00  2.0D-02  3.778D-03  4.624D+00
  236  245     0     0  con    0  1.0D+00  5.9D-03  1.839D-03  4.624D+00
  237  246     0     0  con    0  1.0D+00  5.1D-03  1.733D-03  4.624D+00
  238  247     0     0  con    0  1.0D+00  1.0D-02  2.315D-03  4.624D+00
  239  248     0     0  con    0  1.0D+00  2.2D-02  2.940D-03  4.623D+00
  240  250     0     0  con    1  5.1D-01  1.8D-02  1.905D-03  4.623D+00
  241  251     0     0  con    0  1.0D+00  1.0D-02  1.102D-03  4.623D+00
  242  252     0     0  con    0  1.0D+00  1.1D-02  1.657D-03  4.623D+00
  243  253     0     0  con    0  1.0D+00  1.4D-02  3.581D-03  4.623D+00
  244  254     0     0  con    0  1.0D+00  2.2D-02  3.193D-03  4.623D+00
  245  255     0     0  con    0  1.0D+00  6.8D-03  2.373D-03  4.623D+00
  246  256     0     0  con    0  1.0D+00  1.9D-03  1.590D-03  4.623D+00
  247  257     0     0  con    0  1.0D+00  4.1D-03  1.712D-03  4.623D+00
  248  258     0     0  con    0  1.0D+00  9.2D-03  1.774D-03  4.623D+00
  249  259     0     0  con    0  1.0D+00  1.9D-02  2.822D-03  4.623D+00
  250  260     0     0  con    0  1.0D+00  2.0D-02  1.891D-03  4.623D+00
  251  261     0     0  con    0  1.0D+00  1.7D-03  9.729D-04  4.623D+00
  252  262     0     0  con    0  1.0D+00  3.6D-03  1.120D-03  4.623D+00
  253  263     0     0  con    0  1.0D+00  7.6D-03  1.316D-03  4.623D+00
  254  265     0     0  con    1  5.1D-01  1.1D-02  2.016D-03  4.623D+00
  255  266     0     0  con    0  1.0D+00  1.2D-02  9.755D-04  4.623D+00
  256  267     0     0  con    0  1.0D+00  7.2D-03  8.516D-04  4.623D+00
  257  268     0     0  con    0  1.0D+00  1.0D-02  1.143D-03  4.622D+00
  258  269     0     0  con    0  1.0D+00  1.5D-02  3.452D-03  4.622D+00
  259  270     0     0  con    0  1.0D+00  1.5D-03  1.291D-03  4.622D+00
  260  271     0     0  con    0  1.0D+00  1.8D-03  9.342D-04  4.622D+00
  261  272     0     0  con    0  1.0D+00  4.3D-03  1.315D-03  4.622D+00
  262  273     0     0  con    0  1.0D+00  9.2D-03  1.373D-03  4.622D+00
  263  274     0     0  con    0  1.0D+00  9.3D-03  1.001D-03  4.622D+00
  264  275     0     0  con    0  1.0D+00  1.4D-02  1.333D-03  4.622D+00
  265  276     0     0  con    0  1.0D+00  1.6D-02  2.738D-03  4.622D+00
  266  277     0     0  con    0  1.0D+00  1.5D-03  1.118D-03  4.622D+00
  267  278     0     0  con    0  1.0D+00  1.2D-03  7.726D-04  4.622D+00
  268  279     0     0  con    0  1.0D+00  4.8D-03  8.412D-04  4.622D+00
  269  280     0     0  con    0  1.0D+00  8.0D-03  1.145D-03  4.622D+00
  270  282     0     0  con    1  4.1D-01  9.6D-03  1.647D-03  4.622D+00
  271  283     0     0  con    0  1.0D+00  1.2D-02  9.919D-04  4.622D+00
  272  284     0     0  con    0  1.0D+00  6.2D-03  8.144D-04  4.622D+00
  273  285     0     0  con    0  1.0D+00  9.0D-03  2.129D-03  4.622D+00
  274  286     0     0  con    0  1.0D+00  5.5D-03  1.418D-03  4.622D+00
  275  287     0     0  con    0  1.0D+00  1.3D-03  1.306D-03  4.622D+00
  276  288     0     0  con    0  1.0D+00  5.6D-03  8.919D-04  4.622D+00
  277  289     0     0  con    0  1.0D+00  6.6D-03  1.010D-03  4.622D+00
  278  290     0     0  con    0  1.0D+00  1.1D-02  8.774D-04  4.622D+00
  279  291     0     0  con    0  1.0D+00  1.0D-02  8.564D-04  4.622D+00
  280  292     0     0  con    0  1.0D+00  1.9D-02  1.749D-03  4.622D+00
  281  293     0     0  con    0  1.0D+00  1.7D-03  6.852D-04  4.622D+00
  282  294     0     0  con    0  1.0D+00  1.8D-03  7.753D-04  4.622D+00
  283  295     0     0  con    0  1.0D+00  7.3D-03  1.136D-03  4.622D+00
  284  297     0     0  con    1  4.7D-01  6.7D-03  1.328D-03  4.622D+00
  285  298     0     0  con    0  1.0D+00  9.0D-03  7.769D-04  4.622D+00
  286  299     0     0  con    0  1.0D+00  1.3D-02  1.283D-03  4.622D+00
  287  300     0     0  con    0  1.0D+00  7.4D-03  1.543D-03  4.622D+00
  288  301     0     0  con    0  1.0D+00  1.7D-03  1.057D-03  4.622D+00
  289  302     0     0  con    0  1.0D+00  5.7D-03  6.494D-04  4.622D+00
  290  303     0     0  con    0  1.0D+00  4.6D-03  1.278D-03  4.622D+00
  291  304     0     0  con    0  1.0D+00  4.6D-03  8.681D-04  4.622D+00
  292  305     0     0  con    0  1.0D+00  1.1D-02  6.823D-04  4.622D+00
  293  306     0     0  con    0  1.0D+00  8.0D-03  1.820D-03  4.622D+00
  294  307     0     0  con    0  1.0D+00  5.0D-03  1.074D-03  4.622D+00
  295  308     0     0  con    0  1.0D+00  7.1D-03  6.238D-04  4.622D+00
  296  309     0     0  con    0  1.0D+00  5.2D-03  6.443D-04  4.622D+00
  297  310     0     0  con    0  1.0D+00  1.0D-02  1.387D-03  4.622D+00
  298  311     0     0  con    0  1.0D+00  5.5D-03  8.683D-04  4.622D+00
  299  312     0     0  con    0  1.0D+00  3.1D-03  7.624D-04  4.622D+00
  300  313     0     0  con    0  1.0D+00  4.4D-03  6.440D-04  4.622D+00
  301  314     0     0  con    0  1.0D+00  3.5D-03  6.060D-04  4.622D+00
  302  315     0     0  con    0  1.0D+00  7.7D-03  5.841D-04  4.622D+00
  303  316     0     0  con    0  1.0D+00  8.0D-03  1.055D-03  4.622D+00
  304  317     0     0  con    0  1.0D+00  8.5D-03  1.252D-03  4.622D+00
  305  318     0     0  con    0  1.0D+00  1.7D-03  5.111D-04  4.622D+00
  306  319     0     0  con    0  1.0D+00  2.7D-03  5.004D-04  4.622D+00
  307  320     0     0  con    0  1.0D+00  3.9D-03  6.200D-04  4.622D+00
  308  322     0     0  con    1  5.2D-01  5.5D-03  1.398D-03  4.622D+00
  309  323     0     0  con    0  1.0D+00  6.4D-03  6.442D-04  4.621D+00
  310  324     0     0  con    0  1.0D+00  4.9D-03  3.911D-04  4.621D+00
  311  325     0     0  con    0  1.0D+00  6.1D-03  9.272D-04  4.621D+00
  312  326     0     0  con    0  1.0D+00  7.5D-03  1.087D-03  4.621D+00
  313  327     0     0  con    0  1.0D+00  1.5D-03  7.088D-04  4.621D+00
  314  328     0     0  con    0  1.0D+00  1.2D-03  4.669D-04  4.621D+00
  315  329     0     0  con    0  1.0D+00  2.6D-03  5.193D-04  4.621D+00
  316  330     0     0  con    0  1.0D+00  7.4D-03  9.618D-04  4.621D+00
  317  331     0     0  con    0  1.0D+00  8.3D-03  6.950D-04  4.621D+00
  318  332     0     0  con    0  1.0D+00  3.1D-03  4.014D-04  4.621D+00
  319  333     0     0  con    0  1.0D+00  6.0D-03  5.258D-04  4.621D+00
  320  334     0     0  con    0  1.0D+00  7.0D-03  1.223D-03  4.621D+00
  321  335     0     0  con    0  1.0D+00  3.3D-03  5.826D-04  4.621D+00
  322  336     0     0  con    0  1.0D+00  3.9D-03  4.285D-04  4.621D+00
  323  337     0     0  con    0  1.0D+00  3.8D-03  5.640D-04  4.621D+00
  324  338     0     0  con    0  1.0D+00  7.6D-03  1.040D-03  4.621D+00
  325  340     0     0  con    1  5.2D-01  5.2D-03  6.771D-04  4.621D+00
  326  341     0     0  con    0  1.0D+00  1.8D-03  3.867D-04  4.621D+00
  327  342     0     0  con    0  1.0D+00  1.1D-03  5.136D-04  4.621D+00
  328  343     0     0  con    0  1.0D+00  2.0D-03  5.144D-04  4.621D+00
  329  344     0     0  con    0  1.0D+00  5.9D-03  8.584D-04  4.621D+00
  330  345     0     0  con    0  1.0D+00  5.5D-03  9.099D-04  4.621D+00
  331  346     0     0  con    0  1.0D+00  1.6D-03  6.011D-04  4.621D+00
  332  347     0     0  con    0  1.0D+00  2.9D-03  4.723D-04  4.621D+00
  333  348     0     0  con    0  1.0D+00  3.2D-03  4.958D-04  4.621D+00
  334  349     0     0  con    0  1.0D+00  8.9D-03  1.190D-03  4.621D+00
  335  350     0     0  con    0  1.0D+00  4.9D-03  5.499D-04  4.621D+00
  336  351     0     0  con    0  1.0D+00  1.1D-03  4.044D-04  4.621D+00
  337  352     0     0  con    0  1.0D+00  2.9D-03  4.511D-04  4.621D+00
  338  354     0     0  con    1  4.9D-01  2.4D-03  8.185D-04  4.621D+00
  339  355     0     0  con    0  1.0D+00  2.7D-03  7.122D-04  4.621D+00
  340  356     0     0  con    0  1.0D+00  4.6D-03  4.079D-04  4.621D+00
  341  357     0     0  con    0  1.0D+00  2.7D-03  4.992D-04  4.621D+00
  342  358     0     0  con    0  1.0D+00  2.7D-03  4.897D-04  4.621D+00
  343  359     0     0  con    0  1.0D+00  5.2D-03  8.405D-04  4.621D+00
  344  360     0     0  con    0  1.0D+00  6.3D-03  7.842D-04  4.621D+00
  345  361     0     0  con    0  1.0D+00  9.3D-04  3.987D-04  4.621D+00
  346  362     0     0  con    0  1.0D+00  6.2D-04  2.846D-04  4.621D+00
  347  363     0     0  con    0  1.0D+00  2.6D-03  3.513D-04  4.621D+00
  348  364     0     0  con    0  1.0D+00  6.9D-03  1.016D-03  4.621D+00
  349  365     0     0  con    0  1.0D+00  2.0D-03  4.818D-04  4.621D+00
  350  366     0     0  con    0  1.0D+00  2.3D-03  2.834D-04  4.621D+00
  351  367     0     0  con    0  1.0D+00  3.3D-03  5.346D-04  4.621D+00
  352  368     0     0  con    0  1.0D+00  4.6D-03  7.308D-04  4.621D+00
  353  369     0     0  con    0  1.0D+00  6.4D-04  3.466D-04  4.621D+00
  354  370     0     0  con    0  1.0D+00  1.2D-03  3.418D-04  4.621D+00
  355  371     0     0  con    0  1.0D+00  1.5D-03  3.368D-04  4.621D+00
  356  372     0     0  con    0  1.0D+00  7.9D-03  1.204D-03  4.621D+00
  357  373     0     0  con    0  1.0D+00  1.8D-03  3.452D-04  4.621D+00
  358  374     0     0  con    0  1.0D+00  6.4D-04  3.475D-04  4.621D+00
  359  375     0     0  con    0  1.0D+00  2.5D-03  3.595D-04  4.621D+00
  360  376     0     0  con    0  1.0D+00  3.3D-03  4.683D-04  4.621D+00
  361  377     0     0  con    0  1.0D+00  9.1D-03  1.076D-03  4.621D+00
  362  378     0     0  con    0  1.0D+00  6.5D-04  3.137D-04  4.621D+00
  363  379     0     0  con    0  1.0D+00  3.4D-04  2.095D-04  4.621D+00
  364  380     0     0  con    0  1.0D+00  2.3D-03  3.268D-04  4.621D+00
  365  382     0     0  con    1  2.6D-01  1.7D-03  5.745D-04  4.621D+00
  366  383     0     0  con    0  1.0D+00  3.0D-03  3.789D-04  4.621D+00
  367  384     0     0  con    0  1.0D+00  4.2D-03  2.310D-04  4.621D+00
  368  385     0     0  con    0  1.0D+00  3.7D-03  3.640D-04  4.621D+00
  369  386     0     0  con    0  1.0D+00  3.7D-03  3.953D-04  4.621D+00
  370  387     0     0  con    0  1.0D+00  2.8D-03  3.931D-04  4.621D+00
  371  388     0     0  con    0  1.0D+00  3.0D-03  4.166D-04  4.621D+00
  372  389     0     0  con    0  1.0D+00  1.3D-03  2.846D-04  4.621D+00
  373  390     0     0  con    0  1.0D+00  1.7D-03  3.091D-04  4.621D+00
  374  391     0     0  con    0  1.0D+00  4.6D-03  5.147D-04  4.621D+00
  375  392     0     0  con    0  1.0D+00  4.2D-03  2.988D-04  4.621D+00
  376  393     0     0  con    0  1.0D+00  1.8D-03  2.388D-04  4.621D+00
  377  394     0     0  con    0  1.0D+00  4.7D-03  4.753D-04  4.621D+00
  378  395     0     0  con    0  1.0D+00  4.4D-03  5.782D-04  4.621D+00
  379  396     0     0  con    0  1.0D+00  8.9D-04  2.640D-04  4.621D+00
  380  397     0     0  con    0  1.0D+00  7.1D-04  2.570D-04  4.621D+00
  381  398     0     0  con    0  1.0D+00  1.1D-03  2.769D-04  4.621D+00
  382  399     0     0  con    0  1.0D+00  4.1D-03  5.746D-04  4.621D+00
  383  400     0     0  con    0  1.0D+00  2.7D-03  4.412D-04  4.621D+00
  384  401     0     0  con    0  1.0D+00  8.9D-04  1.982D-04  4.621D+00
  385  402     0     0  con    0  1.0D+00  1.2D-03  2.384D-04  4.621D+00
  386  403     0     0  con    0  1.0D+00  2.3D-03  3.062D-04  4.621D+00
  387  404     0     0  con    0  1.0D+00  4.1D-03  5.325D-04  4.621D+00
  388  405     0     0  con    0  1.0D+00  2.3D-03  2.155D-04  4.621D+00
  389  406     0     0  con    0  1.0D+00  1.3D-03  1.873D-04  4.621D+00
  390  407     0     0  con    0  1.0D+00  1.7D-03  2.536D-04  4.621D+00
  391  408     0     0  con    0  1.0D+00  3.5D-03  4.310D-04  4.621D+00
  392  409     0     0  con    0  1.0D+00  4.4D-03  3.250D-04  4.621D+00
  393  410     0     0  con    0  1.0D+00  2.1D-03  2.817D-04  4.621D+00
  394  411     0     0  con    0  1.0D+00  2.9D-03  3.527D-04  4.621D+00
  395  412     0     0  con    0  1.0D+00  1.6D-03  4.020D-04  4.621D+00
  396  413     0     0  con    0  1.0D+00  5.2D-04  3.081D-04  4.621D+00
  397  414     0     0  con    0  1.0D+00  4.5D-03  3.395D-04  4.621D+00
  398  415     0     0  con    0  1.0D+00  2.1D-03  2.825D-04  4.621D+00
  399  416     0     0  con    0  1.0D+00  8.4D-03  4.843D-04  4.621D+00
  400  417     0     0  con    0  1.0D+00  2.4D-03  6.967D-04  4.621D+00
  401  418     0     0  con    0  1.0D+00  5.9D-04  2.399D-04  4.621D+00
  402  419     0     0  con    0  1.0D+00  5.1D-04  1.693D-04  4.621D+00
  403  420     0     0  con    0  1.0D+00  2.5D-03  2.386D-04  4.621D+00
  404  421     0     0  con    0  1.0D+00  4.2D-03  4.516D-04  4.621D+00
  405  422     0     0  con    0  1.0D+00  5.6D-03  2.048D-04  4.621D+00
  406  423     0     0  con    0  1.0D+00  2.4D-03  2.034D-04  4.621D+00
  407  424     0     0  con    0  1.0D+00  4.6D-03  8.594D-04  4.621D+00
  408  425     0     0  con    0  1.0D+00  1.3D-03  3.782D-04  4.621D+00
  409  426     0     0  con    0  1.0D+00  2.9D-04  3.072D-04  4.621D+00
  410  427     0     0  con    0  1.0D+00  2.2D-03  2.218D-04  4.621D+00
  411  428     0     0  con    0  1.0D+00  2.4D-03  2.889D-04  4.621D+00
  412  429     0     0  con    0  1.0D+00  5.7D-03  2.868D-04  4.621D+00
  413  431     0     0  con    1  4.5D-01  3.5D-03  5.060D-04  4.621D+00
  414  432     0     0  con    0  1.0D+00  8.0D-04  3.188D-04  4.621D+00
  415  433     0     0  con    0  1.0D+00  1.4D-03  1.934D-04  4.621D+00
  416  434     0     0  con    0  1.0D+00  1.5D-03  2.617D-04  4.621D+00
  417  435     0     0  con    0  1.0D+00  3.9D-03  4.033D-04  4.621D+00
  418  436     0     0  con    0  1.0D+00  3.6D-03  3.810D-04  4.621D+00
  419  437     0     0  con    0  1.0D+00  2.1D-03  2.618D-04  4.621D+00
  420  438     0     0  con    0  1.0D+00  2.3D-03  3.194D-04  4.621D+00
  421  439     0     0  con    0  1.0D+00  2.2D-03  5.037D-04  4.621D+00
  422  440     0     0  con    0  1.0D+00  1.3D-03  3.049D-04  4.621D+00
  423  441     0     0  con    0  1.0D+00  3.0D-03  2.152D-04  4.621D+00
  424  442     0     0  con    0  1.0D+00  2.2D-03  2.224D-04  4.621D+00
  425  443     0     0  con    0  1.0D+00  4.3D-03  2.010D-04  4.621D+00
  426  445     0     0  con    1  3.6D-01  3.8D-03  4.821D-04  4.621D+00
  427  446     0     0  con    0  1.0D+00  2.7D-03  2.761D-04  4.621D+00
  428  447     0     0  con    0  1.0D+00  2.0D-03  2.470D-04  4.621D+00
  429  448     0     0  con    0  1.0D+00  2.9D-03  3.213D-04  4.621D+00
  430  449     0     0  con    0  1.0D+00  4.6D-03  4.416D-04  4.621D+00
  431  450     0     0  con    0  1.0D+00  8.3D-04  2.067D-04  4.621D+00
  432  451     0     0  con    0  1.0D+00  2.3D-03  2.245D-04  4.621D+00
  433  452     0     0  con    0  1.0D+00  2.4D-03  2.372D-04  4.621D+00
  434  454     0     0  con    1  4.1D-01  3.8D-03  5.087D-04  4.621D+00
  435  455     0     0  con    0  1.0D+00  4.1D-03  2.631D-04  4.621D+00
  436  456     0     0  con    0  1.0D+00  1.9D-03  1.878D-04  4.621D+00
  437  457     0     0  con    0  1.0D+00  2.0D-03  2.415D-04  4.621D+00
  438  458     0     0  con    0  1.0D+00  2.4D-03  2.749D-04  4.621D+00
  439  459     0     0  con    0  1.0D+00  1.9D-03  2.459D-04  4.621D+00
  440  460     0     0  con    0  1.0D+00  3.5D-03  2.937D-04  4.621D+00
  441  461     0     0  con    0  1.0D+00  2.5D-03  2.532D-04  4.621D+00
  442  462     0     0  con    0  1.0D+00  1.2D-03  2.222D-04  4.621D+00
  443  463     0     0  con    0  1.0D+00  5.0D-03  4.019D-04  4.621D+00
  444  464     0     0  con    0  1.0D+00  3.5D-03  3.268D-04  4.621D+00
  445  465     0     0  con    0  1.0D+00  1.9D-04  2.169D-04  4.621D+00
  446  466     0     0  con    0  1.0D+00  1.9D-03  1.579D-04  4.621D+00
  447  467     0     0  con    0  1.0D+00  2.0D-03  2.492D-04  4.621D+00
  448  469     0     0  con    1  4.9D-01  2.4D-03  3.495D-04  4.621D+00
  449  470     0     0  con    0  1.0D+00  2.1D-03  2.014D-04  4.621D+00
  450  471     0     0  con    0  1.0D+00  9.6D-04  2.189D-04  4.621D+00
  451  472     0     0  con    0  1.0D+00  1.1D-03  2.083D-04  4.621D+00
  452  473     0     0  con    0  1.0D+00  2.1D-03  4.167D-04  4.621D+00
  453  474     0     0  con    0  1.0D+00  6.9D-04  1.839D-04  4.621D+00
  454  475     0     0  con    0  1.0D+00  1.1D-03  1.904D-04  4.621D+00
  455  476     0     0  con    0  1.0D+00  2.0D-03  2.159D-04  4.621D+00
  456  477     0     0  con    0  1.0D+00  4.4D-03  3.605D-04  4.621D+00
  457  478     0     0  con    0  1.0D+00  5.5D-03  3.260D-04  4.621D+00
  458  479     0     0  con    0  1.0D+00  3.1D-04  1.779D-04  4.621D+00
  459  480     0     0  con    0  1.0D+00  9.7D-04  1.878D-04  4.621D+00
  460  481     0     0  con    0  1.0D+00  1.9D-03  2.330D-04  4.621D+00
  461  482     0     0  con    0  1.0D+00  3.7D-03  2.548D-04  4.621D+00
  462  483     0     0  con    0  1.0D+00  2.2D-03  2.034D-04  4.621D+00
  463  484     0     0  con    0  1.0D+00  5.1D-04  1.639D-04  4.621D+00
  464  485     0     0  con    0  1.0D+00  1.6D-03  1.651D-04  4.621D+00
  465  486     0     0  con    0  1.0D+00  2.5D-03  2.018D-04  4.621D+00
  466  487     0     0  con    0  1.0D+00  3.0D-03  3.452D-04  4.621D+00
  467  488     0     0  con    0  1.0D+00  1.2D-03  1.545D-04  4.621D+00
  468  489     0     0  con    0  1.0D+00  1.2D-03  1.479D-04  4.621D+00
  469  490     0     0  con    0  1.0D+00  1.5D-03  1.926D-04  4.621D+00
  470  491     0     0  con    0  1.0D+00  3.6D-03  4.566D-04  4.621D+00
  471  492     0     0  con    0  1.0D+00  9.0D-04  1.718D-04  4.621D+00
  472  493     0     0  con    0  1.0D+00  6.5D-04  1.006D-04  4.621D+00
  473  494     0     0  con    0  1.0D+00  1.5D-03  1.199D-04  4.621D+00
  474  495     0     0  con    0  1.0D+00  2.0D-03  4.096D-04  4.621D+00
  475  496     0     0  con    0  1.0D+00  8.4D-04  1.955D-04  4.621D+00
  476  497     0     0  con    0  1.0D+00  8.5D-04  1.243D-04  4.621D+00
  477  498     0     0  con    0  1.0D+00  9.9D-04  1.719D-04  4.621D+00
  478  499     0     0  con    0  1.0D+00  1.3D-03  1.889D-04  4.621D+00
  479  501     0     0  con    1  3.8D-01  1.6D-03  2.476D-04  4.621D+00
  480  502     0     0  con    0  1.0D+00  2.0D-03  1.380D-04  4.621D+00
  481  503     0     0  con    0  1.0D+00  1.3D-03  8.565D-05  4.621D+00
  482  504     0     0  con    0  1.0D+00  1.8D-03  1.473D-04  4.621D+00
  483  505     0     0  con    0  1.0D+00  1.9D-03  2.913D-04  4.621D+00
  484  506     0     0  con    0  1.0D+00  1.1D-04  1.406D-04  4.621D+00
  485  507     0     0  con    0  1.0D+00  5.8D-04  9.054D-05  4.621D+00
  486  508     0     0  con    0  1.0D+00  1.0D-03  1.115D-04  4.621D+00
  487  509     0     0  con    0  1.0D+00  2.3D-03  3.669D-04  4.621D+00
  488  510     0     0  con    0  1.0D+00  7.2D-04  1.293D-04  4.621D+00
  489  511     0     0  con    0  1.0D+00  1.7D-04  8.679D-05  4.621D+00
  490  512     0     0  con    0  1.0D+00  4.7D-04  1.322D-04  4.621D+00
  491  513     0     0  con    0  1.0D+00  7.2D-04  1.330D-04  4.621D+00
  492  514     0     0  con    0  1.0D+00  2.2D-03  3.854D-04  4.621D+00
  493  515     0     0  con    0  1.0D+00  6.0D-04  8.745D-05  4.621D+00
  494  516     0     0  con    0  1.0D+00  9.7D-05  6.147D-05  4.621D+00
  495  517     0     0  con    0  1.0D+00  5.1D-04  9.834D-05  4.621D+00
  496  518     0     0  con    0  1.0D+00  7.7D-04  1.068D-04  4.621D+00
  497  520     0     0  con    1  4.4D-01  1.1D-03  1.680D-04  4.621D+00
  498  521     0     0  con    0  1.0D+00  1.1D-03  9.326D-05  4.621D+00
  499  522     0     0  con    0  1.0D+00  5.9D-04  6.088D-05  4.621D+00
  500  523     0     0  con    0  1.0D+00  7.2D-04  1.177D-04  4.621D+00
  501  524     0     0  con    0  1.0D+00  6.4D-04  1.545D-04  4.621D+00
  502  525     0     0  con    0  1.0D+00  6.4D-05  8.713D-05  4.621D+00
  503  526     0     0  con    0  1.0D+00  4.3D-04  7.895D-05  4.621D+00
  504  527     0     0  con    0  1.0D+00  3.7D-04  7.589D-05  4.621D+00
  505  528     0     0  con    0  1.0D+00  1.9D-03  2.958D-04  4.621D+00
  506  529     0     0  con    0  1.0D+00  4.7D-04  8.071D-05  4.621D+00
  507  530     0     0  con    0  1.0D+00  9.8D-05  5.956D-05  4.621D+00
  508  531     0     0  con    0  1.0D+00  4.4D-04  8.531D-05  4.621D+00
  509  532     0     0  con    0  1.0D+00  8.3D-04  1.813D-04  4.621D+00
  510  533     0     0  con    0  1.0D+00  2.5D-04  6.939D-05  4.621D+00
  511  534     0     0  con    0  1.0D+00  4.2D-04  6.433D-05  4.621D+00
  512  535     0     0  con    0  1.0D+00  4.5D-04  6.862D-05  4.621D+00
  513  536     0     0  con    0  1.0D+00  8.3D-04  1.383D-04  4.621D+00
  514  537     0     0  con    0  1.0D+00  1.0D-03  1.483D-04  4.621D+00
  515  538     0     0  con    0  1.0D+00  1.7D-04  6.624D-05  4.621D+00
  516  539     0     0  con    0  1.0D+00  1.0D-04  6.006D-05  4.621D+00
  517  540     0     0  con    0  1.0D+00  1.5D-04  8.200D-05  4.621D+00
  518  541     0     0  con    0  1.0D+00  6.5D-04  1.081D-04  4.621D+00
  519  543     0     0  con    1  3.7D-01  3.7D-04  1.240D-04  4.621D+00
  520  544     0     0  con    0  1.0D+00  8.4D-04  7.001D-05  4.621D+00
  521  545     0     0  con    0  1.0D+00  6.1D-04  4.672D-05  4.621D+00
  522  546     0     0  con    0  1.0D+00  7.7D-04  7.817D-05  4.621D+00
  523  547     0     0  con    0  1.0D+00  5.8D-04  1.957D-04  4.621D+00
  524  548     0     0  con    0  1.0D+00  2.7D-04  7.806D-05  4.621D+00
  525  549     0     0  con    0  1.0D+00  2.0D-04  4.381D-05  4.621D+00
  526  550     0     0  con    0  1.0D+00  2.6D-04  6.815D-05  4.621D+00
  527  551     0     0  con    0  1.0D+00  4.4D-04  6.187D-05  4.621D+00
  528  553     0     0  con    1  3.2D-01  5.6D-04  8.716D-05  4.621D+00
  529  554     0     0  con    0  1.0D+00  3.4D-04  5.009D-05  4.621D+00
  530  555     0     0  con    0  1.0D+00  2.8D-04  5.794D-05  4.621D+00
  531  556     0     0  con    0  1.0D+00  2.9D-04  6.953D-05  4.621D+00
  532  557     0     0  con    0  1.0D+00  5.7D-04  7.963D-05  4.621D+00
  533  558     0     0  con    0  1.0D+00  9.2D-04  1.529D-04  4.621D+00
  534  559     0     0  con    0  1.0D+00  2.5D-04  3.793D-05  4.621D+00
  535  560     0     0  con    0  1.0D+00  5.4D-05  3.476D-05  4.621D+00
  536  561     0     0  con    0  1.0D+00  1.7D-04  4.545D-05  4.621D+00
  537  562     0     0  con    0  1.0D+00  4.6D-04  6.951D-05  4.621D+00
  538  564     0     0  con    1  4.7D-01  3.9D-04  6.447D-05  4.621D+00
  539  565     0     0  con    0  1.0D+00  4.3D-04  3.085D-05  4.621D+00
  540  566     0     0  con    0  1.0D+00  3.4D-04  3.581D-05  4.621D+00
  541  568     0     0  con    1  4.7D-01  1.9D-04  6.694D-05  4.621D+00
  542  569     0     0  con    0  1.0D+00  1.7D-04  5.677D-05  4.621D+00
  543  570     0     0  con    0  1.0D+00  2.7D-04  3.335D-05  4.621D+00
  544  571     0     0  con    0  1.0D+00  2.3D-04  4.032D-05  4.621D+00
  545  572     0     0  con    0  1.0D+00  3.4D-04  6.057D-05  4.621D+00
  546  573     0     0  con    0  1.0D+00  3.0D-04  4.788D-05  4.621D+00
  547  574     0     0  con    0  1.0D+00  2.6D-04  3.821D-05  4.621D+00
  548  575     0     0  con    0  1.0D+00  4.3D-04  7.451D-05  4.621D+00
  549  576     0     0  con    0  1.0D+00  4.3D-04  4.793D-05  4.621D+00
  550  577     0     0  con    0  1.0D+00  3.7D-05  2.774D-05  4.621D+00
  551  578     0     0  con    0  1.0D+00  2.7D-04  3.255D-05  4.621D+00
  552  579     0     0  con    0  1.0D+00  3.0D-04  4.255D-05  4.621D+00
  553  580     0     0  con    0  1.0D+00  7.8D-04  8.013D-05  4.621D+00
  554  581     0     0  con    0  1.0D+00  1.1D-04  3.611D-05  4.621D+00
  555  582     0     0  con    0  1.0D+00  6.4D-05  3.637D-05  4.621D+00
  556  583     0     0  con    0  1.0D+00  7.8D-05  3.279D-05  4.621D+00
  557  584     0     0  con    0  1.0D+00  4.0D-04  3.618D-05  4.621D+00
